**Исходная матрица:** \
[1, -1, 0, -3, 0] \
[-2, 5, 0, 0, 0] \
[0, 0, 4, 6, 4] \
[-4, 0, 2, 7, 0] \
[0, 8, 0, 0, -5]

**Упакованная матрица:** \
Ненулевые элементы матрицы: \
[1, -1, -3, -2, 5, 4, 6, 4, -4, 2, 7, 8, -5] \
Столбцовые координаты ненулевых элементов: \
[0, 1, 3, 0, 1, 2, 3, 4, 0, 2, 3, 1, 4] \
Модифицированный массив точек входа в строку: \
[0, 3, 5, 8, 11, 13]

**Распакованная матрица:** \
[1, -1, 0, -3, 0] \
[-2, 5, 0, 0, 0] \
[0, 0, 4, 6, 4] \
[-4, 0, 2, 7, 0] \
[0, 8, 0, 0, -5]

**Сложение:** \
Ненулевые элементы матрицы: \
[2, -2, -6, -4, 10, 8, 12, 8, -8, 4, 14, 16, -10] \
Столбцовые координаты ненулевых элементов: \
[0, 1, 3, 0, 1, 2, 3, 4, 0, 2, 3, 1, 4] \
Модифицированный массив точек входа в строку: \
[0, 3, 5, 8, 11, 13]

**Распакованная матрица:** \
[2, -2, 0, -6, 0] \
[-4, 10, 0, 0, 0] \
[0, 0, 8, 12, 8] \
[-8, 0, 4, 14, 0] \
[0, 16, 0, 0, -10]

**Умножение:** \
Ненулевые элементы матрицы: \
[15, -6, -6, -24, -12, 27, 6, -24, 32, 28, 66, -4, -32, 4, 22, 73, 8, -16, 25] \
Столбцовые координаты ненулевых элементов: \
[0, 1, 2, 3, 0, 1, 3, 0, 1, 2, 3, 4, 0, 1, 2, 3, 4, 0, 4] \
Модифицированный массив точек входа в строку: \
[0, 4, 7, 12, 17, 19

**Распакованная матрица:** \
[15, -6, -6, -24, 0] \
[-12, 27, 0, 6, 0] \
[-24, 32, 28, 66, -4] \
[-32, 4, 22, 73, 8] \
[-16, 0, 0, 0, 25]
